01100010110001101001001111001010001001101101110111000001111001101001111001011100101110011110000
01010011000000010101001101000101101110011010101010100001010010110010110001100001100101010111001
10001000010011111000011010011110110110010111101000010011101110111110110010101000111011001111010
11011010110111100101000000010001110010111110110100001001101001001010011010110000011100011111000
11010111111010001110000100101000110011011001111011101111011011111100001000001001110010101010101
10100100101000111001011101011000110111110110011010011001111011001110111111111110010011100110010
00011010000110110111000000010011111110001001000110011111011100111011011000001101111101110111111
11000111111110101010011001010100010011110010000101101101000010010000111000010100111010110011100
11100111000011110001011001001010010011100100011111110110001001010001100010110010000000101110001
00101101011110110101101100001011110001000110000000000011100001101000011100101110111110011110011
00110000001100010001110110101101110100001001001011010000000001100101101011100011000101001011100
01100100000001111000001011000101010101011101110011001100010101111001110110110110001110011101011
10110101010010010000101000010010110110101010110111110000011111001010001001110111101011110110001
01001101001101100000001100100001001010100111000001010110101111001001001000011011110101001000010
01010101110100101001010010111100111101000010011010011001101001011001011001011011110111110100110
10011011100100101010111001010100111011001001010110010000000100001011000011111000101101110100110
00011100010001000110100101111110000011010110000000111100101100110110100011110110100110111010010
10011110100001100011110001011110011111100001111000000000110111001010000010110010100000011010110
11001111011000100010110110111100000111000011011001100101100111010101101011010011100000001011010
01011001100110001100000100011111100001110100001010100001111110110110111100011010001010110111100
01000110100010101001010010001011101100010010011110101100011100011101101101010110100110010010001
00000111000010000000010110100011110010001111011011101111101000111011110111111001111001101000101
00111100111111010110101110101010011110111000100100000000011111010011001100100000100010110100101
10001010000110111010001110101100111010010011000011001010111010000011111010100001100011011010010
11010110110000011010010010101011011110101101011010111000111110010111111110000001100000111001000
11000000000100000110100001111100101000110011101011010001010101110101000110101001001000110110111
01101111000001100000001110010001010100011011110000010010011110100101000001010101001001110111001
01111000101011000001000000010110001100011110101101010110011110000111100100110111111101000100010
01011000001101101011001110000100110110011001001100111111001001011101111100101101101001100101001
01000011010000000001010010110000100000011100011110010101100100100010011111111001101001001010101
00111001011100000110110110011101100001110111001010101001010101011000011011100111010100001010011
01110111011000100001101001001111111010100111000100000000111111000111010111111110011110001100110
01001111011010001001000101101010001001111010001000110101001010101101011000111001011100000111000
01011000111101000011110010110111010011111100010100111111101110100100000101100010010101111001110
00100000010010011111011111100010110001010000001010101011100110101110000000001110001100000101101
01100000101101111010101010010111001001010001110010011000000101101010100001110100111011000101011
01001100001111111001010011010001001110110110001001001100010010101001000001000110100000000100010
01100110010000110111000010101001100001010010011010111101011100101010110101011011101110110111111
10010111000111010100000001100100110111111111101111110111100110001101100000011110010011100010000
10100101010011100011110001100100111010101111011010010101100100000111101110111000011101000101111
00101001111101011110001001101110100010110110110011001001100011010001101001011111110000011101110
11010001100011111111010101100100000111110000101101001100010011001100000001001101111111100001100
11100110111001110011000010100100000101011101111000000010101100000101010100101000010000010010011
00010000101100101000101010101000011101101001110011111100101110001110100000110000001001110001011
01000100001011000101110000110110100101001111010010000001101111010010110101011101110111001100110
01101010010111110000100010010110001000101001111101100011010111010100100001010011101011101110100
